9724,31.787423,117.273733
9723,32.14939,117.424
9722,32.14232,117.60194
9721,32.12726,117.4487
9720,32.12416,117.5305
9719,32.19558,117.8037
9718,32.00885,117.56023
9717,32.14601,117.8228
9716,32.05714,117.5449
9715,32.008198,117.55934
9714,32.006813,117.55972
9713,32.08328,117.5862
9712,32.15253,117.6099
9711,32.021877,117.634735
9710,32.08095,117.3837
9709,32.12677,117.3962
9708,32.211815,117.660805
9707,32.173355,117.64166
9706,32.19047,117.5287
9705,32.14827,117.4286
9704,32.190697,117.5243
9703,32.146378,117.4254
9702,31.949,117.4819
9701,32.163322,117.60929
9700,32.078606,117.38318
9699,31.94685,117.48136
9698,32.200867,117.45801
9697,32.02503,117.6678
9696,32.027084,117.66507
9695,32.07996,117.7414
9694,32.084053,117.58584
9693,32.16204,117.59287
9692,32.006916,117.55891
9691,32.160564,117.66037
9690,32.14989,117.8226
9689,32.01667,117.45078
9688,32.064064,117.37911
9687,32.108425,117.78315
9686,32.14903,117.424194
9685,32.212154,117.739
9684,32.14746,117.43054
9683,32.115837,117.51205
9682,32.069317,117.735756
9681,32.10579,117.60039
9680,32.065212,117.379196
9679,32.10953,117.63993
9678,32.111782,117.78478
9677,32.086708,117.55971
9676,32.056473,117.51911
9675,32.06301,117.3791
9674,32.08392,117.58606
9673,32.19972,117.457184
9672,32.206703,117.76169
9671,32.113247,117.510925
9670,32.15228,117.6091
9669,32.08763,117.50593
9668,32.050037,117.47897
9667,32.08041,117.5985
9666,32.06306,117.37911
9665,32.060272,117.37776
9664,32.031685,117.66505
9663,32.20975,117.6117
9662,32.20401,117.758415
9661,32.06674,117.55823
9660,32.140995,117.65253
9659,32.106483,117.64212
9658,32.182166,117.73723
9657,32.240892,117.680553
9656,32.10622,117.43306
9655,32.007915,117.55894
9654,32.242924,117.399086
9645,32.210304,117.611984
9644,32.062435,117.7018
9643,32.15291,117.43149
9642,32.22337,117.369
9641,32.215793,117.719234
9640,32.11708,117.73288
9639,32.144814,117.82597
9638,32.210966,117.665035
9637,31.94463,117.5033
9636,32.099846,117.43839
9635,32.09366,117.3863
9634,32.14471,117.592186
9633,32.151887,117.85986
9632,32.21383,117.6816
9631,32.14617,117.42758
9630,32.02872,117.6657
9629,32.14621,117.42575
9628,32.142284,117.82523
9627,32.110638,117.7824
9626,32.238937,117.695883
9625,32.13945,117.6704
9624,32.088795,117.41938
9623,31.96166,117.4814
9622,32.077164,117.54935
9621,32.23053,117.3933
9620,32.147507,117.4305
9619,32.226738,117.36758
9618,32.109104,117.78285
9617,32.10685,117.62619
9616,32.162091,117.592412
9615,32.20051,117.76418
9614,32.084755,117.41252
9613,32.199265,117.45683
9612,32.14049,117.811806
9611,32.189808,117.3883
9610,32.216206,117.623655
9609,32.214431,117.690804
9608,31.992323,117.59904
9607,32.227627,117.36702
9606,32.06255,117.4747
9605,32.02758,117.66535
9604,32.058495,117.57835
9603,32.158154,117.47788
9602,32.129135,117.446396
9601,32.193295,117.609604
9600,32.188606,117.38992
9599,31.949003,117.481895
9598,32.143387,117.42387
9597,32.19286,117.38487
9596,31.990984,117.624769
9595,32.015118,117.62109
9594,32.02633,117.6649
9593,32.12393,117.531746
9592,32.122307,117.531975
9591,32.15265,117.6093
9590,32.146626,117.82678
9589,32.152225,117.608955
9588,32.215984,117.401924
9587,32.140465,117.77525
9586,32.153984,117.60834
9585,32.147133,117.81939
9584,32.195175,117.38233
9583,32.09377,117.695435
9582,32.08128,117.60681
9581,32.14093,117.77524
9580,32.231215,117.615918
9579,32.16483,117.5014
9578,31.988562,117.6294
9577,32.03125,117.5548
9576,32.08344,117.69456
9575,32.23755,117.4195
9574,32.06264,117.7018
9573,32.12318,117.59341
9572,32.108883,117.638405
9571,32.11025,117.7826
9570,32.15248,117.607544
9569,32.190609,117.525245
9568,32.189476,117.53158
9567,32.069496,117.736115
9566,32.145164,117.82491
9565,32.201237,117.45822
9564,32.20012,117.45747
9563,32.118806,117.389096
9562,32.06564,117.3798
9561,32.182125,117.83962
9560,32.217865,117.611748
9559,32.20388,117.75868
9558,32.21222,117.6639
9557,32.07592,117.54438
9556,32.10936,117.640366
9555,32.147182,117.8266
9554,32.1632,117.406624
9553,32.20801,117.63635
9552,32.139412,117.775475
9551,32.110996,117.782425
9550,32.21188,117.663465
9549,32.153255,117.431625
9548,32.134537,117.49685
9547,32.20456,117.760666
9546,32.148926,117.592594
9545,32.109207,117.63963
9544,32.11676,117.48007
9543,32.14038,117.824585
9542,32.089664,117.75088
9541,32.13908,117.82929
9540,32.022545,117.507507
9539,32.009243,117.65435
9538,32.167998,117.794237
9537,32.204884,117.45901
9536,32.14766,117.4287
9535,32.143898,117.424484
9534,32.201492,117.755936
9533,32.216164,117.723139
9532,32.102566,117.7129
9531,31.979305,117.451256
9530,32.016711,117.450942
9529,32.021187,117.44522
9528,32.13614,117.59322
9527,32.05066,117.53471
9526,32.133373,117.55101
9525,32.136135,117.59331
9524,32.13976,117.571846
9523,32.094425,117.56576
9522,32.10593,117.56721
9521,32.13011,117.53367
9520,32.108092,117.842881
9519,32.1382,117.7933
9518,32.11398,117.8143
9517,32.10722,117.8109
9516,32.14097,117.77524
9515,32.046143,117.47962
9514,32.0473,117.514
9513,32.025609,117.466605
9512,32.026389,117.49789
9511,32.029125,117.4793
9510,32.054684,117.50542
9509,32.03198,117.50955
9508,32.0399,117.48672
9507,32.020283,117.47744
9506,32.004185,117.49531
9505,32.014893,117.42998
9504,31.987268,117.49498
9503,31.980345,117.50411
9502,32.15289,117.60953
9501,32.14235,117.6019
9500,32.249905,117.61245
9499,32.233815,117.617035
9498,32.1742,117.64204
9497,32.207336,117.635
9496,32.20838,117.63132
9495,32.19772,117.506134
9494,32.207737,117.55818
9493,32.171085,117.627846
9492,32.155743,117.52819
9491,32.17748,117.50758
9490,32.14417,117.52864
9489,32.100906,117.54972
9488,32.112427,117.54337
9487,32.09498,117.52648
9486,32.000988,117.61287
9485,32.03242,117.5939
9484,32.031,117.6431
9483,31.989998,117.62669
9482,31.988314,117.63189
9481,31.997797,117.654945
9480,31.993635,117.62211
9479,32.00985,117.65989
9478,31.988401,117.632034
9477,32.006104,117.63135
9476,32.0027,117.634476
9475,32.241745,117.664654
9474,32.213833,117.60985
9473,32.188984,117.57185
9472,32.205506,117.584124
9471,32.176365,117.56471
9470,32.174175,117.58258
9469,32.144047,117.60128
9468,32.126446,117.632656
9467,32.12476,117.633156
9466,32.142105,117.64184
9465,32.069675,117.6413
9464,32.084656,117.6236
9463,32.085453,117.65169
9462,32.069115,117.6638
9461,32.192273,117.526026
9460,32.160294,117.60865
9459,32.147522,117.43321
9458,32.05577,117.5448
9457,32.022192,117.508486
9456,31.99415,117.5056
9455,31.992489,117.50264
9454,31.995486,117.523898
9453,31.992149,117.525359
9452,32.043182,117.67709
9451,32.08369,117.6944
9450,32.05562,117.643745
9449,32.060257,117.642948
9448,32.19283,117.3849
9447,32.033783,117.70945
9446,32.036266,117.70667
9445,32.021408,117.63833
9444,32.015186,117.61882
9443,32.021404,117.63852
9442,32.001385,117.57324
9441,32.241462,117.664637
9440,32.21141,117.6569
9439,32.211414,117.656906
9438,32.17874,117.68176
9437,32.213047,117.67613
9436,32.17874,117.6818
9435,32.136906,117.69072
9434,32.227967,117.692993
9433,32.179485,117.72561
9432,32.1922,117.72549
9431,32.224929,117.690521
9430,32.231927,117.739553
9403,32.17616,117.45702
9402,32.22826,117.45183
9401,32.22194,117.4536
9400,32.196194,117.42811
9399,32.190937,117.444016
9398,32.183125,117.47613
9397,32.2336,117.7603
9396,32.182252,117.839081
9395,32.158629,117.844399
9394,32.139313,117.84491
9393,32.140528,117.837914
9392,32.158672,117.78722
9391,32.197144,117.79725
9390,32.23804,117.3881
9389,32.26199,117.40809
9388,32.24198,117.396996
9387,32.19001,117.38803
9386,32.259987,117.40741
9385,32.20706,117.362885
9384,32.19016,117.3863
9383,32.22513,117.43097
9382,32.068634,117.38059
9381,32.08839,117.42841
9380,32.062622,117.70143
9379,32.06287,117.70199
9378,32.062275,117.70174
9377,32.061974,117.70159
9376,32.03186,117.664925
9375,32.031895,117.66505
9374,32.03122,117.665405
9373,32.027462,117.66716
9372,32.02771,117.6664
9371,32.027912,117.66554
9370,32.02749,117.66533
9369,32.026443,117.66489
9368,32.02604,117.66477
9367,32.002964,117.58341
9366,32.150337,117.82339
9365,32.207554,117.45972
9364,32.13312,117.735634
9363,32.099567,117.74715
9362,32.15192,117.53014
9361,32.00735,117.55896
9360,32.14634,117.819
9359,32.022471,117.647134
9358,32.12641,117.531525
9357,32.142075,117.602036
9356,32.142365,117.6019
9355,32.12716,117.53151
9354,32.08423,117.5843
9353,32.07663,117.5429
9352,32.075527,117.54269
9351,32.075546,117.54299
9350,32.075733,117.542962
9349,32.075638,117.54341
9348,32.09577,117.5398
9347,32.11179,117.5355
9346,32.121502,117.53247
9345,32.124188,117.530687
9344,32.12544,117.531654
9343,32.125023,117.531685
9342,32.1241,117.531746
9341,32.123283,117.531746
9340,32.121864,117.53208
9339,32.12178,117.53218
9653,32.145092,117.59253
9652,32.15161,117.6122
9651,32.06283,117.67038
9650,32.20148,117.756
9649,32.061626,117.58157
9648,32.04882,117.6293
9647,32.011536,117.609825
9646,31.995416,117.52506
9338,32.121235,117.532425
9337,32.10862,117.59056
9336,32.10938,117.64038
9335,32.109146,117.593254
9334,32.08385,117.586205
9333,32.107845,117.64091
9332,32.10936,117.64038
9331,32.10921,117.63972
9330,32.108982,117.63876
9329,32.106796,117.626205
9328,32.059715,117.57854
9327,32.05967,117.57844
9326,32.05972,117.57857
9325,32.059837,117.579956
9324,32.059692,117.58125
9323,32.083626,117.5862
9322,32.083874,117.58614
9321,32.023396,117.56691
9320,32.04258,117.5765
9319,32.04269,117.576515
9318,32.01893,117.47763
9317,32.059883,117.57967
9316,32.002228,117.48076
9315,31.998388,117.48105
9314,31.989659,117.482488
9313,32.020226,117.47727
9312,31.967365,117.48215
9311,31.953054,117.481504
9310,32.15352,117.72673
9309,32.1307,117.7293
9308,32.136913,117.69269
9307,32.13731,117.6799
9306,32.14494,117.61806
9305,32.144928,117.617966
9304,32.14639,117.60606
9303,32.16313,117.61042
9302,32.16333,117.60957
9301,32.163326,117.6093
9300,32.15214,117.60735
9299,32.15204,117.61135
9298,32.152664,117.60958
9297,32.15496,117.609726
9296,32.15342,117.60955
9295,32.17418,117.5826
9294,32.19049,117.52621
9293,32.19048,117.5287
9292,32.183727,117.5307
9291,32.187831,117.529182
9290,32.205875,117.55805
9289,32.185562,117.39222
9288,32.247753,117.40931
9287,32.107502,117.47404
9286,32.15053,117.431206
9285,32.1475,117.4307
9284,32.14736,117.43151
9283,32.14736,117.4317
9282,32.141853,117.432014
9281,32.13291,117.44226
9280,32.112682,117.457565
9279,32.1068,117.460884
9278,32.103886,117.45976
9277,32.106644,117.45974
9276,32.096844,117.45808
9275,32.06771,117.4716
9274,32.064327,117.47398
9273,32.063858,117.47343
9272,32.14552,117.42587
9271,32.145992,117.42622
9270,32.144882,117.425415
9269,32.145947,117.42657
9268,32.146286,117.42777
9267,32.146446,117.42803
9266,32.078037,117.74462
9265,32.14697,117.4283
9264,32.148273,117.42834
9263,32.148514,117.42922
9262,32.06942,117.73616
9261,32.111404,117.78176
9260,32.11216,117.781456
9259,32.112026,117.7815
9258,32.111977,117.780785
9257,32.109585,117.78286
9256,32.10953,117.7829
9255,32.108932,117.78285
9254,32.108772,117.78287
9253,32.108566,117.782906
9252,32.10853,117.78287
9251,32.107964,117.78252
9250,32.103287,117.780304
9249,32.107845,117.78236
9248,32.06975,117.73549
9247,32.089634,117.75084
9246,32.086004,117.742724
9245,32.06932,117.7358
9244,32.06921,117.73546
9243,32.069984,117.73544
9242,32.071465,117.70935
9241,32.14772,117.82278
9240,32.14955,117.825
9239,32.14802,117.826
9238,32.14501,117.82627
9237,32.14496,117.82572
9236,32.14481,117.82604
9235,32.144756,117.826126
9234,32.145016,117.82548
9233,32.145542,117.824036
9232,32.146065,117.82208
9231,32.14594,117.8229
9230,32.146072,117.82146
9229,32.1809,117.82745
9228,32.230774,117.36428
9227,32.22899,117.365944
9226,32.20788,117.37402
9225,32.191555,117.38607
9224,32.190285,117.387566
9223,32.1892,117.38922
9222,32.18556,117.392365
9221,32.17931,117.39596
9220,32.16314,117.40656
9219,32.201054,117.45813
9218,32.20029,117.4576
9217,32.199474,117.45698
9216,32.19802,117.4559
9215,32.197035,117.454785
9214,32.196903,117.454666
9213,32.189873,117.447655
9212,32.088337,117.40811
9211,32.0747,117.3854
9210,32.07861,117.3832
9209,32.079937,117.38336
9208,32.212215,117.66386
9207,32.136864,117.69326
9206,32.13686,117.6933
9205,32.20078,117.82634
9204,32.191406,117.827712
9203,32.20161,117.82633
9202,32.20237,117.8273
9201,32.202469,117.828627
9200,32.200127,117.82634
9199,32.203138,117.827048
9198,32.203716,117.82631
9197,32.202793,117.82631
9196,32.217663,117.61019
9195,32.10322,117.4453
9194,32.201393,117.75609
9193,32.20277,117.826324
9192,32.20355,117.75833
9191,32.20411,117.75839
9190,32.204544,117.75882
9189,32.13565,117.55398
9188,32.217047,117.722989
9187,32.215648,117.723139
9186,32.217295,117.720886
9185,32.216181,117.722972
9184,32.109196,117.56665
9183,32.211828,117.662413
9182,32.190468,117.528656
9181,32.211933,117.665119
9180,32.15225,117.61074
9179,32.210945,117.662397
9178,32.211913,117.663432
9177,32.211793,117.661729
9176,32.211792,117.660927
9175,32.20873,117.63952
9174,32.209892,117.60984
9173,32.075817,117.5441
9172,32.109455,117.640656
9171,32.14977,117.825
9170,32.06049,117.7314
9169,32.203773,117.82628
9168,32.112137,117.78103
9167,32.089638,117.75084
9166,32.18669,117.39152
9165,32.06167,117.70138
9164,32.061592,117.70142
9163,32.028156,117.68177
9162,31.988758,117.628716
9161,31.989462,117.62758
9160,32.012875,117.50487
9159,32.13731,117.679886
9158,32.237236,117.419304
9157,32.148815,117.42433
9156,32.069065,117.73384
9155,32.09366,117.38631
9154,32.215827,117.719785
9153,32.140583,117.678375
9152,31.961664,117.48143
9151,32.152767,117.73591
9150,32.24713,117.42114
9149,32.137875,117.43699
9148,32.14634,117.8189
9147,32.206055,117.49883
9146,32.065636,117.3798
9145,32.130703,117.72928
9144,32.07199,117.38354
9143,32.20142,117.45832
9142,32.19074,117.386955
9141,32.23968,117.57079
9140,32.20944,117.6194
9139,32.00261,117.60134
9138,32.028885,117.471504
9137,32.144608,117.82611
9136,32.145313,117.82637
9135,32.05839,117.5783
9134,32.19065,117.3871
9133,32.10175,117.44262
9132,31.998026,117.6111
9131,32.029419,117.665987
9130,32.042576,117.57651
9129,32.119514,117.56521
9128,32.2147,117.61002
9127,32.027935,117.66546
9126,32.08317,117.51901
9125,32.1215,117.5325
9124,31.99331,117.5051
9123,32.22981,117.387405
9429,32.231257,117.734567
9428,32.17545,117.5293
9427,32.053425,117.748955
9426,32.03563,117.73208
9425,32.035503,117.73222
9424,32.035954,117.7335
9423,32.08062,117.71505
9422,32.09287,117.72952
9421,32.146523,117.428116
9420,32.021076,117.435684
9419,32.052612,117.37077
9418,32.143295,117.368835
9417,32.08552,117.38516
9416,32.094475,117.458
9415,32.125404,117.475464
9414,32.125233,117.47546
9413,32.105377,117.43355
9412,32.105087,117.43281
9411,32.14888,117.44089
9410,32.148119,117.472484
9409,32.165615,117.47734
9408,32.158455,117.47781
9407,32.149555,117.42383
9406,32.151905,117.40086
9405,32.18445,117.38792
9404,32.196095,117.46786
9122,32.026295,117.66485
9121,32.062794,117.70099
9120,32.238953,117.58304
9119,32.10285,117.78043
9118,32.13807,117.6777
9117,32.14747,117.43072
9116,32.013012,117.5025
9115,32.067715,117.47165
9114,32.019398,117.70423
9113,32.109013,117.63877
9112,32.10322,117.44525
9111,32.007008,117.63508
9110,32.001377,117.57341
9109,32.0925,117.45158
9108,32.15284,117.60924
9107,32.123814,117.52783
9106,32.139256,117.84435
9105,32.074535,117.385376
9104,32.012646,117.61327
9103,32.221058,117.679048
9102,32.18489,117.63761
9101,32.063007,117.379105
9100,32.207413,117.37461
9099,32.127266,117.390945
9098,32.12489,117.44345
9097,32.20536,117.75976
9096,32.20469,117.7606
9095,32.07686,117.5481
9094,32.204556,117.459
9093,32.151585,117.8596
9092,32.18238,117.37469
9091,32.150158,117.5924
9090,32.01308,117.591805
9089,32.147465,117.43077
9088,32.2054,117.759575
9087,32.10897,117.78371
9086,32.06837,117.38247
9085,32.0934,117.429535
9084,32.193174,117.52576
9083,31.995454,117.523333
9082,32.20989,117.6098
9081,32.10918,117.63964
